1
2
4
5
7
8
10
11
12
15
17
18
19
22
24
26
27
29
30
37
38
39
41
44
45
47
48
50
51
53
55
58
60
61
62
66
67
70
71
74
82
83
84
88
89
91
93
94
95
98
101
102
103
104
106
107
110
111
115
119
120
122
125
132
133
134
137
138
140
144
152
156
157
158
161
163
168
169
170
171
172
175
176
179
180
184
185
190
192
193
195
200
202
212
213
214
215
218
219
220
222
223
228
229
235
236
237
238
239
240
242
244
245
246
249
250
251
252
253
254
255
256
257
258
259
260
261
263
264
265
271
272
276
277
278
283
284
287
288
289
291
292
293
294
295
296
297
298
302
304
307
309
310
312
313
314
320
321
322
323
325
330
331
332
333
334
335
336
337
338
339
340
341
342
343
344
345
347
349
350
351
352
354
357
359
360
361
363
364
365
366
367
368
369
370
371
374
380
381
384
385
386
387
394
395
396
398
399
401
403
404
406
408
409
413
415
417
419
420
421
422
423
424
425
427
428
430
431
432
433
434
435
437
438
442
448
461
467
469
470
474
478
486
491
492
494
495
497
498
500
502
503
504
508
512
513
516
518
520
521
522
523
524
525
526
528
529
530
531
533
535
536
537
538
539
540
541
542
544
546
550
551
552
554
556
558
559
561
563
565
567
568
569
570
572
573
574
575
576
578
579
580
581
582
583
587
588
589
591
593
594
595
596
599
602
606
607
609
613
615
616
617
618
619
622
624
625
627
628
632
636
638
639
641
642
643
644
645
646
647
648
649
651
652
653
654
655
659
667
670
671
672
673
675
676
677
678
681
685
687
688
691
699
701
704
705
708
710
711
713
714
716
718
719
721
722
723
724
726
728
729
730
731
732
733
734
735
737
741
742
743
744
745
746
747
748
749
750
752
753
755
757
758
760
761
763
765
766
772
773
774
775
776
779
780
781
788
789
791
796
801
802
803
804
805
806
807
810
811
812
814
817
818
819
820
822
826
830
831
832
833
834
836
843
844
847
848
850
851
852
853
854
855
856
857
858
859
860
861
862
863
864
865
866
867
868
869
870
871
872
873
874
875
877
879
881
882
888
889
890
892
899
900
901
902
903
904
906
908
909
910
911
916
917
919
920
921
922
923
924
925
926
927
929
934
936
940
943
953
954
955
956
957
959
960
961
963
964
965
966
968
975
976
978
979
980
981
983
984
985
987
988
989
1000
1006
1008
1009
1012
1013
1016
1021
1024
1033
1038
1041
1043
1044
1045
1046
1051
1053
1054
1055
1056
1057
1058
1059
1060
1061
1062
1071
1075
1081
1082
1084
1086
1088
1093
1094
1095
1096
1098
1099
1100
1101
1102
1103
1104
1105
1110
1111
1112
1115
1123
1127
1128
1132
1136
1137
1139
1141
1142
1143
1144
1145
1146
1147
1151
1153
1154
1160
1163
1166
1167
1168
1169
1170
1173
1174
1175
1176
1177
1178
1180
1181
1182
1183
1185
1186
1187
1188
1190
1191
1192
1195
1196
1197
1198
1201
1202
1203
1212
1213
1214
1215
1216
1217
1219
1221
1223
1225
1226
1227
1228
1229
1230
1232
1233
1234
1235
1236
1237
1238
1239
1240
1241
1242
1243
1244
1245
1246
1247
1248
1249
1250
1251
1252
1253
1254
1255
1256
1257
1258
1259
1260
1261
1262
1263
1264
1265
1266
1267
1268
1269
1270
1271
1276
1280
1281
1282
1288
1289
1297
1299
1305
1306
1308
1309
1310
1311
1312
1313
1316
1317
1318
1319
1320
1323
1324
1325
1326
1327
1329
1330
1331
1332
1340
1342
1344
1346
1348
1349
1351
1355
1356
1357
1360
1361
1362
1364
1365
1367
1368
1370
1372
1383
1387
1389
1391
1393
1395
1400
1403
1405
1406
1407
1408
1409
1410
1411
1412
1413
1415
1416
1417
1418
1420
1422
1426
1439
1440
1444
1445
1446
1449
1450
1451
1452
1453
1454
1455
1456
1457
1459
1460
1461
1462
1466
1469
1474
1477
1478
1479
1480
1481
1482
1483
1485
1488
1489
1490
1491
1492
1493
1494
1496
1497
1498
1499
1500
1501
1503
1504
1507
1509
1510
1511
1512
1514
1515
1516
1517
1518
1519
1520
1522
1523
1524
1525
1526
1529
1533
1534
1535
1536
1540
1541
1542
1543
1547
1553
1554
1555
1556
1557
1562
1563
1564
1565
1566
1567
1568
1570
1571
1572
1573
1576
1579
1580
1583
1584
1585
1586
1587
1588
1589
1590
1592
1595
1596
1597
1598
1599
1600
1601
1602
1603
1604
1605
1607
1608
1609
1611
1612
1613
1614
1615
1617
1618
1619
1620
1624
1625
1626
1627
1630
1632
1633
1634
1636
1637
1639
1643
1648
1651
1653
1654
1655
1656
1657
1658
1659
1660
1661
1662
1663
1664
1665
1666
1667
1668
1669
1670
1671
1672
1673
1674
1675
1676
1677
1678
1679
1680
1681
1682
1683
1684
1685
1686
1687
1688
1689
1690
1691
1693
1695
1696
1699
1700
1701
1705
1707
1708
1709
1710
1712
1713
1714
1716
1717
1718
1720
1721
1722
1724
1726
1728
1729
1730
1732
1734
1735
1736
1737
1738
1741
1742
1743
1745
1746
1747
1748
1749
1750
1751
1752
1754
1755
1759
1761
1762
1763
1767
1768
1769
1771
1775
1776
1777
1778
1779
1780
1781
1782
1783
1784
1786
1787
1788
1789
1790
1791
1792
1793
1794
1795
1796
1797
1798
1799
1802
1803
1804
1806
1808
1809
1810
1811
1812
1813
1814
1817
1818
1819
1820
1826
1828
1832
1833
1834
1835
1836
1837
1838
1839
1842
1845
1850
1851
1853
1855
1856
1857
1858
1859
1860
1862
1863
1864
1865
1866
1868
1869
1870
1871
1872
1874
1875
1877
1880
1881
1882
1883
1884
1887
1889
1890
1891
1892
1894
1895
1896
1897
1899
1900
1901
1902
1903
1904
1905
1906
1907
1908
1909
1910
1911
1912
1913
1914
1915
1916
1917
1918
1919
1920
1922
1923
1924
1925
1926
1927
1928
1937
1938
1941
1943
1948
1952
1953
1954
1956
1957
1959
1960
1961
1962
1964
1965
1969
1970
1971
1972
1973
1982
1983
1984
1987
1988
1989
1991
1992
1993
1994
1995
1996
1997
1998
1999
2000
2001
2002
2003
2004
2007
2009
2010
2011
2012
2014
2015
2016
2017
2018
2019
2021
2025
2026
2027
2029
2030
2031
2032
2034
2035
2036
2037
2039
2041
2042
2046
2047
2048
2049
2050
2051
2052
2053
2056
2057
2058
2059
2060
2061
2062
2064
2065
2066
2067
2068
2069
2070
2071
2072
2073
2074
2075
2076
2077
2078
2079
2080
2081
2082
2083
2084
2085
2086
2087
2088
2089
2090
2091
2092
2093
2094
2095
2096
2099
2102
2103
2106
2107
2109
2111
2112
2113
2114
2115
2116
2117
2119
2120
2121
2122
2123
2124
2128
2129
2131
2132
2133
2134
2136
2137
2138
2139
2140
2141
2142
2143
2146
2148
2149
2150
2151
2153
2154
2155
2159
2160
2161
2162
2164
2165
2167
2168
2169
2170
2171
2172
2173
2174
2175
2176
2177
2179
2180
2181
2182
2184
2185
2186
2188
2189
2190
2191
2192
2193
2194
2195
2196
2197
2198
2199
2200
2201
2203
2204
2205
2206
2207
2208
2209
2210
2211
2212
2214
2215
2216
2217
2218
2219
2220
2221
2222
2223
2224
2226
2228
2229
2231
2232
2233
2234
2235
2236
2237
2238
2239
2240
2241
2242
2244
2245
2247
2249
2250
2251
2252
2253
2254
2255
2257
2258
2260
2261
2262
2263
2265
2266
2269
2273
2274
2275
2276
2277
2278
2279
2280
2281
2282
2283
2284
2285
2286
2288
2289
2290
2291
2292
2293
2294
2295
2297
2298
2299
2300
2301
2302
2303
2307
2309
2313
2314
2316
2317
2324
2326
2328
2329
2330
2331
2334
2335
2336
2337
2339
2340
2341
2342
2343
2344
2345
2346
2347
2348
2349
2350
2351
2352
2354
2355
2356
2357
2358
2359
2361
2363
2364
2365
2366
2367
2368
2369
2370
2371
2372
2373
2374
2375
2376
2377
2378
2379
2380
2381
2382
2383
2387
2391
2395
2396
2397
2398
2399
2400
2401
2402
2404
2405
2406
2407
2408
2409
2410
2411
2412
2413
2414
2415
2416
2417
2418
2419
2420
2421
2422
2423
2424
2425
2426
2427
2428
2429
2430
2431
2432
2433
2434
2435
2436
2437
2438
2439
2440
2441
2442
2443
2444
2445
2446
2447
2448
2449
2450
2455
2456
2457
2459
2460
2461
2462
2463
2464
2467
2468
2470
2471
2472
2473
2474
2475
2476
2477
2479
2480
2481
2482
2483
2484
2488
2490
2492
2493
2494
2496
2497
2498
2499
2500
2501
2502
2503
2504
2505
2506
2507
2508
2509
2510
2511
2512
2514
2515
2517
2518
2519
2521
2522
2523
2524
2525
2526
2527
2528
2529
2530
2531
2532
2533
2534
2535
2537
2538
2539
2542
2544
2545
2546
2547
2548
2549
2550
2551
2553
2554
2555
2556
2557
2558
2559
2560
2561
2562
2564
2567
2568
2569
2570
2571
2572
2573
2574
2575
2576
2577
2578
2579
2580
2581
2583
2584
2585
2586
2587
2588
2589
2590
2591
2593
2594
2596
2597
2598
2600
2601
2602
2603
2604
2605
2606
2608
2609
2610
2611
2612
2613
2617
2618
2620
2622
2623
2624
2627
2628
2629
2630
2631
2632
2633
2634
2635
2636
2637
2638
2639
2640
2641
2642
2644
2646
2647
2648
2650
2651
2652
2653
2654
2656
2657
2658
2659
2660
2661
2662
2664
2666
2667
2668
2670
2671
2672
2673
2674
2675
2676
2677
2678
2679
2680
2683
2684
2685
2686
2687
2688
2689
2690
2691
2692
2694
2695
2696
2698
2699
2701
2702
2703
2705
2710
2711
2712
2713
2714
2715
2716
2717
2718
2719
2720
2721
2723
2724
2725
2726
2727
2728
2729
2730
2731
2732
2733
2736
2739
2741
2743
2744
2746
2747
2748
2749
2750
2751
2752
2753
2754
2755
2756
2757
2758
2759
2760
2761
2762
2763
2764
2765
2766
2767
2768
2769
2770
2771
2772
2773
2774
2775
2776
2777
2778
2780
2782
2783
2784
2785
2786
2787
2788
2790
2791
2794
2795
2796
2799
2800
2801
2802
2803
2804
2805
2806
2807
2808
2809
2810
2811
2813
2814
2815
2816
2817
2818
2819
2820
2821
2822
2823
2824
2825
2827
2828
2829
2830
2831
2832
2833
2834
2835
2836
2837
2838
2839
2840
2841
2842
2843
2844
2845
2846
2848
2849
2850
2851
2852
2853
2854
2855
2856
2857
2859
2861
2862
2864
2865
2866
2867
2869
2870
2871
2872
2873
2874
2875
2876
2877
2878
2879
2880
2881
2882
2883
2884
2885
2886
2887
2888
2889
2890
2891
2894
2895
2897
2898
2899
2900
2901
2902
2903
2905
2907
2908
2909
2910
2911
2912
2913
2914
2915
2916
2918
2919
2920
2921
2922
2923
2924
2925
2926
2927
2928
2929
2930
2931
2932
2933
2934
2935
2937
2938
2939
2943
2944
2945
2948
2949
2950
2951
2952
2954
2955
2956
2957
2958
2959
2961
2962
2963
2965
2967
2968
2969
2970
2971
2972
2973
2974
2975
2976
2977
2979
2981
2982
2983
2984
2985
2986
2987
2988
2989
2990
2995
2996
2999
3000
3001
3002
3003
3004
3005
3006
3007
3008
3009
3010
3011
3012
3013
3014
3015
3016
3017
3018
3019
3020
3021
3022
3024
3025
3026
3027
3028
3030
3031
3032
3033
3034
3036
3037
3038
3039
3040
3041
3042
3043
3044
3045
3046
3047
3049
3051
3052
3053
3054
3056
3057
3058
3059
3060
3061
3062
3063
3064
3067
3068
3069
3070
3071
3072
3078
3079
3080
3081
3084
3085
3086
3087
3088
3089
3090
3091
3092
3093
3094
3095
3096
3097
3098
3099
3100
3101
3102
3103
3104
3105
3106
3107
3108
3109
3110
3111
3112
3113
3116
3118
3119
3120
3121
3122
3123
3125
3126
3127
3128
3129
3131
3132
3133
3134
3135
3136
3137
3138
3139
3141
3142
3143
3144
3145
3146
3147
3149
3152
3153
3154
3155
3156
3157
3158
3159
3160
3161
3162
3163
3164
3165
3166
3167
3168
3169
3170
3171
3172
3173
3174
3175
3176
3177
3178
3179
3181
3182
3183
3184
3185
3186
3187
3189
3190
3191
3192
3193
3194
3195
3196
3197
3199
3200
3201
3202
3204
3206
3207
3208
3209
3210
3212
3213
3217
3218
3220
3221
3222
3223
3224
3225
3226
3227
3230
3231
3232
3233
3234
3235
3236
3237
3238
3239
3240
3241
3242
3243
3244
3245
3246
3247
3248
3249
3250
3251
3252
3253
3254
3256
3257
3258
3259
3260
3262
3264
3265
3266
3267
3268
3269
3270
3271
3272
3273
3274
3276
3277
3278
3279
3280
3281
3282
3283
3284
3286
3287
3288
3289
3290
3291
3292
3293
3294
3295
3296
3297
3298
3299
3300
3301
3302
3303
3304
3305
3306
3308
3309
3310
3311
3312
3313
3314
3315
3316
3317
3318
3319
3321
3322
3325
3326
3328
3329
3330
3331
3332
3334
3335
3336
3337
3338
3339
3340
3341
3342
3343
3344
3345
3346
3348
3349
3350
3351
3352
3354
3355
3356
3357
3358
3359
3360
3363
3364
3366
3367
3368
3369
3370
3371
3372
3373
3374
3375
3376
3377
3378
3379
3380
3381
3382
3383
3384
3385
3386
3387
3388
3390
3392
3393
3394
3396
3397
3398
3399
3400
3401
3402
3403
3404
3405
3407
3408
3409
3410
3411
3412
3413
3414
3415
3416
3417
3418
3422
3423
3424
3425
3426
3427
3428
3429
3430
3431
3432
3433
3434
3435
3436
3437
3438
3441
3442
3443
3444
3445
3446
3447
3448
3449
3450
3451
3452
3453
3454
3456
3457
3458
3459
3460
3461
3462
3463
3464
3465
3466
3467
3468
3469
3470
3471
3472
3473
3474
3476
3477
3478
3479
3480
3481
3482
3483
3484
3485
3486
3487
3488
3489
3490
3491
3492
3493
3494
3495
3496
3497
3498
3499
